%PDF-1.7

1 0 obj
  << /Length 2 0 R
     /FunctionType 4
     /Domain [ 0.000000 1.000000 ]
     /Range [ 0.000000 1.000000 0.000000 1.000000 0.000000 1.000000 ]
  >>
stream
{  0.000000 exch 0.666667 exch 1.000000 exch dup 0.000000 gt { exch pop exch pop exch pop dup 0.000000 sub 0.145828 mul 0.000000 add exch dup 0.000000 sub -0.331595 mul 0.666667 add exch dup 0.000000 sub -0.210742 mul 1.000000 add exch } if dup 1.000000 gt { exch pop exch pop exch pop 0.145828 exch 0.335072 exch 0.789258 exch } if pop }
endstream
endobj

2 0 obj
  338
endobj

3 0 obj
  << /Length 4 0 R
     /FunctionType 4
     /Domain [ 0.000000 1.000000 ]
     /Range [ 0.000000 1.000000 0.000000 1.000000 0.000000 1.000000 ]
  >>
stream
{  0.000000 exch 0.666667 exch 1.000000 exch dup 0.000000 gt { exch pop exch pop exch pop dup 0.000000 sub 0.145828 mul 0.000000 add exch dup 0.000000 sub -0.331595 mul 0.666667 add exch dup 0.000000 sub -0.210742 mul 1.000000 add exch } if dup 1.000000 gt { exch pop exch pop exch pop 0.145828 exch 0.335072 exch 0.789258 exch } if pop }
endstream
endobj

4 0 obj
  338
endobj

5 0 obj
  << /Length 6 0 R
     /FunctionType 4
     /Domain [ 0.000000 1.000000 ]
     /Range [ 0.000000 1.000000 0.000000 1.000000 0.000000 1.000000 ]
  >>
stream
{  0.000000 exch 0.666667 exch 1.000000 exch dup 0.000000 gt { exch pop exch pop exch pop dup 0.000000 sub 0.145828 mul 0.000000 add exch dup 0.000000 sub -0.331595 mul 0.666667 add exch dup 0.000000 sub -0.210742 mul 1.000000 add exch } if dup 1.000000 gt { exch pop exch pop exch pop 0.145828 exch 0.335072 exch 0.789258 exch } if pop }
endstream
endobj

6 0 obj
  338
endobj

7 0 obj
  << /Pattern << /P3 << /Matrix [ 0.000000 -11.228571 37.428574 0.000000 -16.714218 12.385742 ]
                        /Shading << /Coords [ 0.000000 0.000000 1.000000 0.000000 ]
                                    /Extend [ true true ]
                                    /Domain [ 0.000000 1.000000 ]
                                    /ShadingType 2
                                    /ColorSpace /DeviceRGB
                                    /Function 1 0 R
                                 >>
                        /PatternType 2
                        /Type /Pattern
                     >>
                 /P2 << /Matrix [ 0.000000 -11.228571 37.428574 0.000000 -16.714218 18.385742 ]
                        /Shading << /Coords [ 0.000000 0.000000 1.000000 0.000000 ]
                                    /Extend [ true true ]
                                    /Domain [ 0.000000 1.000000 ]
                                    /ShadingType 2
                                    /ColorSpace /DeviceRGB
                                    /Function 3 0 R
                                 >>
                        /PatternType 2
                        /Type /Pattern
                     >>
                 /P1 << /Matrix [ 0.000000 -11.228571 37.428574 0.000000 -16.714218 24.385742 ]
                        /Shading << /Coords [ 0.000000 0.000000 1.000000 0.000000 ]
                                    /Extend [ true true ]
                                    /Domain [ 0.000000 1.000000 ]
                                    /ShadingType 2
                                    /ColorSpace /DeviceRGB
                                    /Function 5 0 R
                                 >>
                        /PatternType 2
                        /Type /Pattern
                     >>
              >> >>
endobj

8 0 obj
  << /Length 9 0 R >>
stream
/DeviceRGB CS
/DeviceRGB cs
q
1.000000 0.000000 -0.000000 1.000000 2.000000 15.000000 cm
/Pattern cs
/P1 scn
17.000000 4.000000 m
17.551001 4.000000 18.000000 3.552000 18.000000 3.000000 c
18.000000 2.448000 17.551001 2.000000 17.000000 2.000000 c
16.448999 2.000000 16.000000 2.448000 16.000000 3.000000 c
16.000000 3.552000 16.448999 4.000000 17.000000 4.000000 c
h
17.000000 0.000000 m
18.653999 0.000000 20.000000 1.346000 20.000000 3.000000 c
20.000000 4.654000 18.653999 6.000000 17.000000 6.000000 c
15.698000 6.000000 14.599000 5.162000 14.185000 4.000000 c
0.000000 4.000000 l
0.000000 2.000000 l
14.185000 2.000000 l
14.599000 0.838000 15.698000 0.000000 17.000000 0.000000 c
h
f*
n
Q
q
1.000000 0.000000 -0.000000 1.000000 2.000000 9.000000 cm
/Pattern cs
/P2 scn
7.000000 2.000000 m
6.449000 2.000000 6.000000 2.448000 6.000000 3.000000 c
6.000000 3.552000 6.449000 4.000000 7.000000 4.000000 c
7.551000 4.000000 8.000000 3.552000 8.000000 3.000000 c
8.000000 2.448000 7.551000 2.000000 7.000000 2.000000 c
h
7.000000 6.000000 m
5.698000 6.000000 4.599000 5.162000 4.185000 4.000000 c
0.000000 4.000000 l
0.000000 2.000000 l
4.185000 2.000000 l
4.599000 0.838000 5.698000 0.000000 7.000000 0.000000 c
8.302000 0.000000 9.401000 0.838000 9.815000 2.000000 c
20.000000 2.000000 l
20.000000 4.000000 l
9.815000 4.000000 l
9.401000 5.162000 8.302000 6.000000 7.000000 6.000000 c
h
f*
n
Q
q
1.000000 0.000000 -0.000000 1.000000 2.000000 3.000000 cm
/Pattern cs
/P3 scn
17.000000 2.000000 m
16.448999 2.000000 16.000000 2.448000 16.000000 3.000000 c
16.000000 3.552000 16.448999 4.000000 17.000000 4.000000 c
17.551001 4.000000 18.000000 3.552000 18.000000 3.000000 c
18.000000 2.448000 17.551001 2.000000 17.000000 2.000000 c
h
17.000000 6.000000 m
15.698000 6.000000 14.599000 5.162000 14.185000 4.000000 c
0.000000 4.000000 l
0.000000 2.000000 l
14.185000 2.000000 l
14.599000 0.838000 15.698000 0.000000 17.000000 0.000000 c
18.653999 0.000000 20.000000 1.346000 20.000000 3.000000 c
20.000000 4.654000 18.653999 6.000000 17.000000 6.000000 c
h
f*
n
Q

endstream
endobj

9 0 obj
  2062
endobj

10 0 obj
  << /MediaBox [ 0.000000 0.000000 24.000000 24.000000 ]
     /Resources 7 0 R
     /Contents 8 0 R
     /Parent 11 0 R
     /Type /Page
  >>
endobj

11 0 obj
  << /Kids [ 10 0 R ]
     /Count 1
     /Type /Pages
  >>
endobj

12 0 obj
  << /Type /Catalog
     /Pages 11 0 R
  >>
endobj

xref
0 13
0000000000 65535 f 
0000000010 00000 n 
0000000532 00000 n 
0000000554 00000 n 
0000001076 00000 n 
0000001098 00000 n 
0000001620 00000 n 
0000001642 00000 n 
0000003490 00000 n 
0000005608 00000 n 
0000005631 00000 n 
0000005790 00000 n 
0000005866 00000 n 
trailer
<< /ID [ (some) (id) ]
   /Root 12 0 R
   /Size 13
>>
startxref
5927
%%EOF